7
3
10
5
1
8
11
11
7
14
9
13
8
1
9
1
4
6
4
6
9
4
7
1
6
7
11
10
11
10
3
5
10
13
3
4
1
8
5
9
9
4
7
13
12
11
8
4
13
12
6
10
3
13
4
12
3
9
9
4
4
13
14
11
14
14
6
10
9
13
9
4
11
2
7
12
7
9
7
5
8
11
8
12
1
6
6
9
7
10
1
12
3
1
7
7
4
14
3
8
8
5
4
6
4
5
4
4
4
4
8
5
5
6
6
4
6
7
3
6
4
1
5
6
7
7
4
3
6
8
5
8
1
6
5
4
6
7
7
6
4
7
5
4
3
7
5
1
7
7
4
7
1
6
5
3
6
6
4
5
5
6
7
7
4
5
5
9
5
6
7
8
9
6
4
4
5
4
6
4
5
5
5
7
3
9
6
6
9
6
7
9
5
4
5
7
5
4
5
6
4
7
14
15
6
11
14
9
11
10
3
14
4
3
6
5
3
9
4
10
5
7
14
12
9
8
13
11
1
12
8
4
7
13
10
13
2
4
4
8
4
15
15
8
10
9
13
8
13
1
5
8
14
13
3
1
14
9
14
11
6
4
1
10
8
5
13
15
2
10
7
8
14
12
3
13
1
2
5
3
9
8
8
14
4
15
7
2
4
5
14
13
11
2
15
11
1
2
14
6
