15
12
3
1
7
3
8
2
4
1
11
5
3
4
4
12
6
11
8
1
6
5
5
10
1
8
7
12
13
7
12
11
6
2
15
10
15
8
4
5
1
15
5
4
7
14
6
12
14
15
14
3
6
13
6
5
4
4
12
12
9
4
3
5
13
4
12
11
12
9
10
14
7
15
11
11
14
12
1
2
14
15
10
8
14
12
10
13
11
9
5
14
15
3
4
3
14
11
6
10
2
14
10
14
14
2
8
4
14
2
9
15
5
9
6
8
1
7
7
13
15
12
14
14
15
14
12
8
6
1
10
6
4
5
15
5
4
1
10
12
14
6
6
6
10
6
12
4
11
13
2
1
13
5
4
6
11
6
5
12
11
7
15
1
9
13
10
7
15
7
1
13
4
3
7
7
2
10
2
9
14
11
4
8
8
1
14
6
8
13
1
6
2
12
1
3
6
9
12
9
13
6
9
11
5
5
1
5
6
1
7
10
6
8
12
3
9
3
11
1
9
14
15
10
9
7
10
15
5
11
3
6
3
14
7
5
13
15
7
3
1
1
4
7
13
11
14
10
10
13
4
15
6
2
1
14
11
4
12
2
11
6
6
5
4
15
10
9
15
15
10
10
10
9
9
4
1
11
14
3
12
2
8
2
12
6
8
8
11
8
8
13
12
13
6
15
15
4
15
6
