11
3
15
13
4
8
10
12
6
12
10
15
14
14
15
1
11
4
15
13
14
11
13
4
8
1
10
15
13
15
7
4
2
9
3
7
14
11
9
9
7
11
1
6
5
13
2
13
3
5
12
15
2
6
2
12
1
14
5
8
14
5
2
5
15
3
14
11
10
7
13
4
6
6
2
8
12
5
7
8
9
12
15
2
7
12
1
8
5
5
6
9
9
10
15
2
7
2
8
10
12
7
7
7
11
15
14
6
10
1
1
10
14
8
15
14
6
10
8
2
9
11
6
13
14
8
2
4
8
4
13
3
7
15
3
7
2
13
15
10
3
11
2
2
15
15
9
10
14
9
8
14
1
6
12
6
6
1
3
14
7
5
2
3
3
11
7
5
10
10
1
7
14
3
4
4
1
13
8
12
10
6
3
1
13
7
1
5
7
4
10
7
12
12
15
3
7
6
5
1
7
5
1
8
10
4
11
15
10
10
13
1
8
3
1
15
1
13
2
2
6
2
7
8
3
9
9
11
5
6
1
6
11
8
1
12
7
11
15
12
6
4
5
3
11
11
2
7
1
1
7
8
7
3
14
13
11
6
14
7
11
7
8
11
5
9
13
9
15
9
15
1
7
9
3
5
6
4
6
15
2
9
4
2
13
3
13
11
6
12
10
10
5
5
12
3
1
13
8
8
8
12
7
13
5
13
5
3
14
1
8
9
3
8
15
9
3
8
7
12
15
