12
11
10
11
15
9
14
12
13
5
5
3
4
3
15
1
14
6
14
9
13
1
6
2
5
7
10
1
7
13
12
12
10
14
8
3
4
7
11
1
3
6
13
13
6
5
10
15
5
15
11
3
4
7
3
9
3
8
12
13
7
14
15
15
13
6
13
11
15
1
6
5
4
10
13
6
15
4
14
1
4
13
10
2
5
10
1
3
4
14
5
11
10
7
2
8
8
3
9
1
14
6
11
1
3
11
9
5
12
4
5
3
7
15
12
8
10
4
6
11
4
1
6
12
12
6
1
11
10
15
10
13
4
14
10
7
7
10
11
6
13
7
11
5
13
7
13
7
11
5
6
11
5
15
11
1
11
12
11
1
5
1
10
5
2
3
1
11
7
8
4
14
14
1
12
9
13
7
13
14
2
1
8
3
1
2
5
7
1
12
1
14
4
1
8
9
5
14
6
14
6
1
11
5
11
6
5
1
3
1
6
12
6
2
3
5
2
9
1
12
9
15
3
6
13
8
13
13
11
7
9
4
8
7
12
2
12
15
14
7
3
14
5
3
12
10
2
6
5
5
9
2
13
4
1
12
11
4
6
13
6
12
3
3
9
15
1
8
14
2
3
15
11
6
12
14
6
11
5
5
11
1
12
5
14
8
8
9
10
13
12
13
6
15
8
6
7
13
9
4
9
9
2
4
8
13
5
4
12
14
8
2
15
11
11
8
12
13
5
7
2
